Like,0,0,1,0,0
Like,1,0,0,0,0
the,1,0,0,0,0
legend,1,0,0,0,0
of,1,0,0,0,0
the,1,0,0,0,0
phoenix,1,0,0,0,0
All,1,0,0,0,0
ends,1,0,0,0,0
with,1,0,0,0,0
beginnings,1,0,0,0,0
,1,0,0,0,0
What,0,0,0,1,0
keeps,1,0,0,0,0
the,1,0,0,0,0
planet,1,0,0,0,0
spinning,0,1,0,0,0
(uh),1,0,0,0,0
The,0,0,1,0,0
force,1,0,0,0,0
of,0,1,0,0,0
love,1,0,0,0,0
beginning,0,1,0,0,0
,0,0,0,1,0
We've,1,0,0,0,0
come,0,1,0,0,0
too,0,0,0,1,0
far,0,0,0,0,1
to,0,0,0,0,0
give,1,0,0,0,0
up,0,1,0,0,0
who,0,0,1,0,0
we,0,0,0,1,0
are,0,0,0,0,1
So,0,0,0,0,0
let's,0,0,0,0,0
raise,1,0,0,0,0
the,0,1,0,0,0
bar,0,0,1,0,0
and,0,0,0,1,0
our,0,0,0,0,1
cups,0,0,0,0,0
to,1,0,0,0,0
the,0,1,0,0,0
stars,0,0,1,0,0
,0,0,0,1,0
She's,0,0,1,0,0
up,0,1,0,0,0
all,0,1,0,0,0
night,0,1,0,0,0
'til,0,1,0,0,0
the,0,1,0,0,0
sun,0,1,0,0,0
